> AF-AN
-0.438 -54.852
-0.039 -54.677
0.443 -54.451
> AF-AN
0.965 -54.832
1.695 -54.399
2.360 -54.037
3.025 -53.651
> AF-AN
4.415 -54.430
4.827 -54.162
> AF-AN
5.495 -54.543
6.184 -54.114
6.625 -53.814
> AF-AN
7.772 -54.396
8.288 -54.033
8.799 -53.668
9.429 -53.233
9.993 -52.792
> AF-AN
10.975 -53.332
11.708 -52.783
12.299 -52.375
12.895 -51.963
> AF-AN
13.788 -52.477
14.463 -51.997
> AF-AN
15.112 -52.307
15.428 -52.084
15.822 -51.787
> AF-AN
18.537 -52.734
18.712 -52.553
> AF-AN
23.075 -53.098
23.021 -53.200
> AN-AF
31.865 -47.201
31.588 -47.682
31.306 -48.163
31.008 -48.587
30.705 -49.011
> AN-AF
30.362 -49.215
30.006 -49.611
29.712 -49.933
29.343 -50.507
28.969 -51.137
28.605 -51.772
28.403 -52.277
28.312 -52.540
28.111 -52.904
> AN-AF
26.713 -52.378
26.513 -52.620
26.338 -53.065
26.181 -53.429
25.987 -53.582
> SO-AN
33.174 -47.264
33.359 -46.806
33.540 -46.346
> SO-AN
34.704 -45.971
34.868 -45.466
35.014 -45.106
> SO-AN
38.083 -44.619
38.194 -44.401
38.338 -44.055
> SO-AN
39.073 -44.165
39.267 -43.726
39.459 -43.286
> SO-AN
41.558 -43.579
41.686 -43.117
41.812 -42.655
> SO-AN
42.469 -42.730
42.572 -42.260
42.674 -41.790
42.774 -41.320
42.873 -40.850
> SO-AN
44.009 -40.915
44.023 -40.671
> SO-AN
44.686 -40.691
44.716 -40.369
> SO-AN
45.303 -40.366
45.332 -40.109
> SO-AN
46.074 -40.119
46.160 -39.494
46.244 -38.870
> SO-AN
48.023 -38.651
48.017 -38.478
> SO-AN
49.034 -38.000
49.037 -37.792
> SO-AN
49.945 -37.790
49.962 -37.597
> SO-AN
50.823 -37.580
50.827 -37.451
> SO-AN
52.283 -37.432
52.311 -36.797
52.338 -36.162
> SO-AN
53.466 -36.141
53.471 -35.517
> SO-AN
54.216 -35.302
54.255 -34.542
> SO-AN
55.275 -34.561
55.301 -34.287
> SO-AN
55.699 -34.235
55.738 -33.653
> SO-AN
57.061 -33.554
57.091 -32.835
57.122 -32.303
57.153 -31.771
> SO-AN
58.456 -31.691
58.530 -31.055
> SO-AN
59.167 -31.050
59.188 -30.567
> SO-AN
60.763 -30.531
60.747 -30.014
> SO-AN
60.762 -29.999
60.786 -29.465
60.810 -28.931
> SO-AN
61.532 -28.920
61.518 -28.777
> SO-AN
62.162 -28.811
62.135 -28.490
> SO-AN
62.746 -28.458
62.703 -28.153
> SO-AN
63.211 -28.164
63.194 -28.021
> SO-AN
63.621 -28.039
63.604 -27.831
> SO-AN
65.332 -27.812
65.348 -27.514
> SO-AN
66.359 -27.514
66.373 -27.281
> SO-AN
67.129 -27.269
67.156 -26.867
> SO-AN
67.424 -26.870
67.433 -26.572
> SO-AN
67.962 -26.583
67.979 -26.291
> SO-AN
68.622 -26.263
68.598 -26.121
> SO-AN
68.820 -26.141
68.829 -26.009
> SO-AN
69.150 -25.993
69.138 -25.784
> SO-AN
69.460 -25.782
69.490 -25.676
> SO-IN
57.301 13.740
57.299 13.772
> AU-SO
68.274 -6.811
67.811 -7.253
> AU-SO
68.073 -7.648
67.642 -8.027
> AU-SO
68.039 -8.492
67.565 -8.881
67.090 -9.270
> AU-SO
67.378 -9.630
66.920 -9.990
66.460 -10.350
> AU-SO
66.787 -10.762
66.167 -11.210
> AU-SO
66.418 -11.559
65.698 -12.019
> AU-SO
66.369 -12.833
65.821 -13.268
> AU-SO
66.210 -13.777
65.928 -13.979
> AU-SO
67.383 -15.942
67.033 -16.139
> AU-SO
67.410 -16.659
66.708 -17.090
66.143 -17.450
65.542 -17.783
65.007 -18.058
> AU-SO
66.428 -20.078
66.751 -19.870
> AU-SO
67.040 -20.218
67.310 -20.073
> AU-SO
67.593 -20.369
67.768 -20.280
> AU-SO
67.897 -20.469
68.213 -20.291
> AU-SO
68.559 -20.712
68.277 -20.878
> AU-SO
69.202 -22.088
68.797 -22.387
> AU-SO
69.850 -23.709
69.402 -24.040
> AU-SO
69.939 -24.678
69.592 -24.970
> AU-SO
70.090 -25.483
69.960 -25.651
> EU-AF
-29.260 39.250
-29.188 39.279
-29.147 39.294
-29.090 39.323
-29.049 39.338
-28.982 39.366
-28.951 39.379
-28.895 39.412
> EU-AF
-28.619 39.121
-28.566 39.130
-28.484 39.156
> EU-AF
-28.292 38.939
-28.215 38.952
-28.120 38.968
-28.059 38.983
-27.955 39.004
> EU-AF
-25.916 37.839
-25.808 37.878
> EU-AF
-25.101 37.646
-24.983 37.644
> EU-AF
-24.255 36.781
-24.146 36.789
> EU-AF
-23.570 36.646
-22.893 36.702
-22.216 36.754
-21.507 36.820
-20.797 36.881
-20.240 36.954
-19.682 37.025
> EU-AF
-18.124 37.466
-17.584 37.503
-16.742 37.435
-15.842 37.297
-15.387 37.212
> EU-AF
-13.675 37.395
-12.903 36.864
-12.142 36.328
-11.585 35.851
> EU-AF
-9.977 36.651
-9.545 36.430
-8.785 36.051
> EU/AF
18.062 39.006
17.960 39.170
> IN-SO
58.239 12.745
58.017 12.283
57.796 11.821
57.576 11.359
57.356 10.896
57.138 10.434
56.919 9.971
> IN-SO
58.063 9.532
58.018 9.450
> IN-SO
58.263 9.293
58.148 9.090
> IN-SO
58.918 8.167
58.880 8.097
> IN-SO
60.179 6.951
60.038 6.767
> IN-SO
61.657 5.490
61.529 5.262
> IN-SO
63.002 4.108
62.868 3.893
> IN-SO
63.331 3.631
63.388 3.700
> IN-SO
63.819 3.482
63.890 3.602
> IN-SO
64.618 3.217
64.682 3.299
> IN-SO
65.213 2.921
65.489 3.299
> IN-SO
66.380 2.752
66.179 2.393
65.992 2.052
> IN-SO
66.673 1.621
66.493 1.331
> IN-SO
66.870 1.068
66.657 0.722
> IN-SO
67.159 0.337
66.839 -0.039
> IN-SO
67.209 -0.340
67.023 -0.578
> IN-SO
67.662 -1.040
67.367 -1.440
> IN-SO
67.929 -1.913
67.788 -2.088
> IN-SO
68.249 -2.540
67.892 -2.888
> IN-SO
68.667 -3.771
68.349 -4.118
> IN-SO
68.751 -4.549
68.199 -5.042
> IN-SO
68.607 -5.472
68.219 -5.891
67.782 -6.259
> NA-AF
-46.529 16.587
-46.589 16.607
> NA-AF
-46.407 17.566
-46.520 17.588
> NA-AF
-46.391 18.422
-46.318 18.421
> NA-AF
-46.224 18.935
-46.184 18.932
> NA-AF
-46.001 19.823
-45.940 19.802
> NA-AF
-45.774 20.618
-45.557 20.596
> NA-AF
-45.419 21.222
-45.515 21.247
> NA-AF
-45.385 21.822
-45.248 21.806
> NA-AF
-45.066 22.973
-45.024 22.963
> NA-AF
-44.924 23.646
-45.699 23.784
-46.476 23.917
> NA-AF
-46.196 24.597
-46.119 24.590
> NA-AF
-45.792 25.254
-45.499 25.192
> NA-AF
-45.092 26.081
-44.899 26.055
> NA-AF
-44.816 26.270
-44.867 26.280
> NA-AF
-44.506 27.254
-44.383 27.236
> NA-AF
-44.022 28.107
-43.942 28.105
> NA-AF
-43.563 28.811
-43.483 28.802
> NA-AF
-43.088 29.469
-43.037 29.471
> NA-AF
-42.729 30.070
-42.136 29.973
> NA-AF
-41.430 31.237
-41.184 31.194
> NA-AF
-40.710 31.817
-40.553 31.802
> NA-AF
-39.700 33.084
-39.586 33.067
> NA-AF
-39.399 33.768
-38.597 33.637
-37.798 33.501
> NA-AF
-37.678 33.736
-37.533 33.705
> NA-AF
-37.336 34.136
-37.245 34.124
> NA-AF
-37.046 34.567
-36.862 34.554
> NA-AF
-36.785 34.712
-36.623 34.693
> NA-AF
-36.373 35.280
-35.558 35.148
-34.746 35.010
> NA-AF
-34.459 35.625
-34.335 35.616
> NA-AF
-34.142 36.079
-34.057 36.071
> NA-AF
-33.982 36.221
-33.772 36.185
> NA-AF
-33.595 36.742
-33.313 36.691
> NA-AF
-33.225 36.941
-33.005 36.916
> NA-AF
-32.943 37.065
-32.708 37.033
> NA-AF
-32.646 37.176
-32.395 37.137
> NA-AF
-32.283 37.391
-31.516 37.282
> NA-AF
-31.371 37.705
-31.071 37.680
> NA-AF
-30.605 38.403
-30.430 38.388
> AF-SA
-46.766 15.451
-45.947 15.360
-45.130 15.267
> AF-SA
-45.037 12.680
-44.262 12.626
> AF-SA
-44.278 12.101
-43.884 12.085
> AF-SA
-43.921 10.927
-43.448 10.906
-42.976 10.883
-42.504 10.860
-42.031 10.837
-41.559 10.812
-41.087 10.787
> AF-SA
-41.083 9.979
-40.861 9.973
> AF-SA
-40.865 9.389
-40.640 9.373
> AF-SA
-40.652 8.841
-40.120 8.815
> AF-SA
-40.141 8.215
-39.661 8.197
-39.181 8.179
-38.701 8.159
-38.221 8.140
> AF-SA
-38.207 7.703
-37.536 7.679
-36.865 7.654
> AF-SA
-36.851 7.401
-36.058 7.363
> AF-SA
-36.047 7.023
-35.367 6.935
> AF-SA
-35.363 6.614
-34.494 6.616
-33.624 6.618
> AF-SA
-33.620 6.104
-33.514 6.076
> AF-SA
-33.507 5.649
-32.978 5.647
> AF-SA
-32.862 3.960
-32.387 3.986
-31.912 4.011
-31.437 4.036
-30.962 4.061
> AF-SA
-30.736 1.643
-30.027 1.607
> AF-SA
-29.920 0.797
-29.210 0.849
-28.347 0.953
-27.831 1.007
-27.315 1.062
-26.474 1.159
> AF-SA
-26.289 0.498
-25.659 0.556
-25.029 0.614
> AF-SA
-24.612 -1.103
-24.051 -1.034
-23.490 -0.964
-22.935 -0.880
-22.381 -0.796
-21.544 -0.680
-21.017 -0.588
-20.490 -0.497
-19.675 -0.333
-18.850 -0.176
-18.369 -0.073
-17.889 0.031
-17.323 0.150
-16.757 0.269
-16.498 0.299
> AF-SA
-16.252 -0.556
-16.037 -0.520
> AF-SA
-15.841 -1.143
-15.565 -1.073
> AF-SA
-15.410 -1.493
-14.659 -1.301
-13.909 -1.108
-13.158 -0.915
> AF-SA
-12.701 -2.099
-12.164 -1.945
> AF-SA
-11.766 -3.972
-12.097 -4.103
> AF-SA
-12.039 -4.587
-12.144 -4.609
> AF-SA
-12.019 -5.026
-11.604 -4.942
> AF-SA
-11.516 -5.415
-11.167 -5.377
> AF-SA
-11.022 -5.930
-11.267 -6.020
> AF-SA
-11.181 -6.755
-11.993 -6.961
-12.807 -7.165
-13.621 -7.367
> AF-SA
-13.357 -8.411
-13.191 -8.374
> AF-SA
-13.023 -9.225
-13.248 -9.276
> AF-SA
-13.166 -9.794
-13.315 -9.825
> AF-SA
-13.031 -11.422
-13.524 -11.539
-14.018 -11.655
-14.512 -11.771
-15.006 -11.885
> AF-SA
-14.908 -12.339
-14.861 -12.320
> AF-SA
-14.791 -12.656
-14.550 -12.577
> AF-SA
-14.410 -13.218
-14.600 -13.266
> AF-SA
-14.478 -14.208
-13.643 -14.035
> AF-SA
-13.226 -15.663
-13.384 -15.688
> AF-SA
-13.239 -16.212
-13.770 -16.323
-14.302 -16.433
> AF-SA
-14.238 -16.764
-14.369 -16.777
> AF-SA
-14.079 -17.995
-13.519 -17.893
-12.960 -17.790
> AF-SA
-12.759 -18.785
-12.477 -18.747
> AF-SA
-12.263 -19.935
-11.945 -19.825
> AF-SA
-11.852 -20.278
-11.971 -20.299
> AF-SA
-11.763 -21.176
-12.007 -21.209
> AF-SA
-11.849 -21.735
-11.936 -21.752
> AF-SA
-11.819 -22.153
-12.364 -22.267
-12.910 -22.379
> AF-SA
-12.851 -22.630
-13.340 -22.730
-13.829 -22.829
> AF-SA
-13.664 -23.544
-13.570 -23.514
> AF-SA
-13.280 -24.777
-13.811 -24.887
> AF-SA
-13.663 -25.648
-14.049 -25.738
> AF-SA
-13.816 -26.586
-13.690 -26.564
> AF-SA
-13.272 -28.321
-12.746 -28.213
> AF-SA
-12.533 -28.941
-13.262 -29.098
-13.990 -29.251
> AF-SA
-13.820 -29.851
-13.716 -29.828
> AF-SA
-13.367 -31.157
-13.499 -31.179
> AF-SA
-13.245 -32.143
-13.883 -32.275
-14.523 -32.400
> AF-SA
-14.367 -33.499
-14.702 -33.569
> AF-SA
-14.515 -34.043
-15.274 -34.238
> AF-SA
-15.083 -34.690
-15.266 -34.770
> AF-SA
-15.100 -35.182
-16.027 -35.343
-16.962 -35.499
-17.703 -35.663
> AF-SA
-17.085 -36.472
-17.440 -36.562
> AF-SA
-17.233 -37.374
-17.533 -37.472
> AF-SA
-17.051 -38.447
-16.799 -38.401
> AF-SA
-15.922 -39.681
-16.415 -39.790
> AF-SA
-16.470 -40.273
-16.867 -40.366
> AF-SA
-15.594 -45.476
-14.894 -45.371
> AF-SA
-14.715 -45.898
-13.810 -45.797
> AF-SA
-13.325 -47.578
-12.610 -47.471
-11.898 -47.361
-11.189 -47.245
-10.483 -47.126
> AF-SA
-9.710 -49.216
-8.922 -49.091
-8.139 -48.961
> AF-SA
-8.022 -49.283
-7.961 -49.270
> AF-SA
-7.638 -50.059
-7.433 -50.001
> AF-SA
-7.159 -50.610
-6.160 -50.417
-5.169 -50.216
> AF-SA
-4.238 -52.049
-3.956 -51.979
> AF-SA
-2.372 -54.327
-1.382 -54.053
> AU-AN
70.409 -26.060
70.665 -25.912
> AU-AN
70.994 -26.187
71.135 -26.083
> AU-AN
71.580 -26.454
71.717 -26.386
> AU-AN
72.066 -26.656
72.008 -26.718
> AU-AN
72.920 -27.573
73.123 -27.446
> AU-AN
73.399 -27.655
73.534 -27.570
> AU-AN
74.406 -28.317
74.192 -28.541
> AU-AN
74.994 -29.264
74.938 -29.328
> AU-AN
75.554 -29.839
75.364 -30.006
> AU-AN
75.515 -30.118
75.393 -30.240
> AU-AN
76.204 -30.906
76.148 -30.970
> AU-AN
76.689 -31.465
76.395 -31.719
> AU-AN
78.086 -33.194
77.352 -33.838
> AU-AN
78.488 -34.807
78.442 -34.842
> AU-AN
78.803 -35.161
78.201 -35.683
> AU-AN
79.184 -36.511
78.606 -36.998
78.021 -37.483
> AU-AN
78.706 -38.001
78.182 -38.393
> AU-AN
78.529 -38.659
78.073 -39.005
> AU-AN
78.384 -39.262
78.002 -39.539
> AU-AN
78.425 -39.905
77.825 -40.326
> AU-AN
79.990 -41.892
80.464 -41.512
80.932 -41.130
> AU-AN
83.439 -42.890
83.853 -42.551
84.263 -42.210
84.669 -41.868
85.070 -41.525
85.466 -41.180
85.859 -40.834
> AU-AN
88.060 -41.997
88.488 -41.686
> AU-AN
95.040 -44.619
94.926 -44.805
> AU-AN
96.698 -45.471
96.274 -45.996
95.842 -46.520
> AU-AN
99.624 -47.978
100.202 -47.266
> AU-AN
106.554 -49.101
106.692 -48.841
> AU-AN
108.285 -49.182
108.240 -49.259
> AU-AN
114.024 -50.388
114.362 -49.878
> AU-AN
115.988 -49.852
116.256 -49.540
> AU-AN
120.273 -50.036
120.516 -49.524
120.842 -48.890
> AU-AN
121.555 -49.006
121.437 -49.620
> AU-AN
123.328 -49.585
123.771 -49.122
> AU-AN
125.896 -49.717
126.074 -49.401
126.264 -49.044
126.434 -48.630
> AU-AN
127.313 -48.764
127.243 -49.294
127.196 -49.643
127.143 -49.976
> AU-AN
131.256 -50.604
131.515 -50.222
> AU-AN
139.645 -50.279
139.733 -51.174
139.813 -51.838
> AU-AN
140.323 -51.798
140.400 -52.274
140.478 -52.750
140.584 -53.504
140.659 -53.885
> AU-AN
146.881 -54.695
147.043 -55.175
147.206 -55.654
147.373 -56.132
147.545 -56.610
147.721 -57.088
147.902 -57.566
> AU-AN
148.806 -57.436
149.150 -58.104
149.398 -58.552
149.652 -58.999
150.006 -59.570
> AU-AN
150.733 -59.475
151.008 -59.944
151.290 -60.413
> AU-AN
153.639 -59.930
154.294 -60.681
154.981 -61.429
155.701 -62.174
156.457 -62.914
> AN-NZ
-76.006 -45.659
-76.675 -45.643
-77.661 -45.761
> AN-NZ
-78.206 -44.411
-78.893 -44.545
-79.586 -44.666
-80.281 -44.782
-81.106 -44.876
-81.935 -44.964
> AN-NZ
-82.509 -42.861
-83.448 -42.981
> AN-NZ
-83.827 -41.125
-84.487 -41.191
-85.148 -41.253
-86.240 -41.393
-87.336 -41.521
> AN-NZ
-87.417 -41.273
-88.447 -41.319
-89.250 -41.378
-90.054 -41.432
> AN-NZ
-90.088 -41.058
-90.739 -41.082
-91.391 -41.103
> AN-NZ
-91.658 -38.866
-92.340 -38.918
-93.022 -38.967
> AN-NZ
-93.075 -38.429
-93.996 -38.482
> AN-NZ
-94.130 -37.001
-94.910 -36.985
-95.689 -36.965
-96.551 -36.921
-97.413 -36.871
> AN-NZ
-97.402 -36.294
-98.417 -36.193
-99.532 -36.133
-100.645 -36.063
-101.286 -35.997
-101.926 -35.927
-102.565 -35.854
-103.202 -35.778
-103.998 -35.694
-104.793 -35.605
-105.391 -35.524
-105.988 -35.439
-106.666 -35.394
-107.343 -35.345
-108.071 -35.240
-108.797 -35.132
> PA-AN
161.228 -61.457
161.975 -61.763
162.579 -62.213
163.202 -62.660
> PA-AN
165.103 -62.077
165.653 -62.473
165.969 -62.668
166.620 -63.087
166.858 -63.221
> PA-AN
169.238 -62.446
169.605 -62.676
170.068 -62.972
170.441 -63.149
171.009 -63.447
171.640 -63.807
172.164 -64.097
172.520 -64.256
173.631 -64.738
> PA-AN
175.582 -63.984
176.063 -64.188
176.549 -64.410
176.819 -64.506
177.338 -64.736
177.889 -64.975
178.240 -65.079
178.759 -65.274
179.381 -65.477
179.963 -65.739
-179.197 -65.986
-178.793 -66.163
> PA-AN
-175.729 -65.183
-175.070 -65.505
-174.418 -65.835
> PA-AN
-171.300 -64.356
-170.043 -64.858
> PA-AN
-166.608 -62.490
-166.199 -62.606
-165.149 -63.007
-163.921 -63.467
> PA-AN
-162.061 -62.394
-161.338 -62.614
-160.430 -62.923
> PA-AN
-159.888 -62.595
-158.703 -63.004
> PA-AN
-158.394 -62.789
-157.601 -63.070
-156.717 -63.324
> PA-AN
-154.324 -61.776
-154.181 -61.836
> PA-AN
-151.329 -59.469
-150.382 -59.718
> PA-AN
-147.692 -57.555
-147.167 -57.638
> PA-AN
-144.857 -55.784
-144.482 -55.910
-143.324 -56.263
-142.086 -56.619
-141.211 -56.839
-140.325 -57.053
> PA-AN
-139.191 -55.725
-139.578 -55.615
> PA-AN
-137.890 -53.568
-137.522 -53.688
-136.590 -53.907
> PA-AN
-136.180 -53.396
-135.307 -53.643
-134.205 -53.887
-132.870 -54.237
-132.126 -54.432
-131.375 -54.623
-130.059 -54.931
-129.345 -55.129
-128.624 -55.321
-127.231 -55.565
> PA-AN
-126.800 -55.064
-126.197 -55.138
-125.077 -55.454
-124.262 -55.587
-123.442 -55.715
-122.655 -55.873
-121.862 -56.026
> PA-AN
-120.663 -54.410
-119.685 -54.642
-118.581 -54.819
> PA-AN
-117.661 -53.124
-118.977 -52.897
> PA-AN
-116.388 -49.368
-115.233 -49.589
-114.556 -49.721
-113.875 -49.849
> PA-AN
-112.426 -45.854
-112.675 -45.833
> PA-AN
-111.349 -42.200
-110.954 -42.249
> PA-AN
-110.391 -38.986
-111.270 -38.979
> PA-AN
-110.471 -36.410
-110.739 -36.358
> PA-AN
-110.579 -35.830
-110.895 -35.797
> AN-SA
-1.039 -55.019
-1.606 -55.129
> AN-SA
-1.614 -55.653
-2.080 -55.657
-2.896 -55.707
-3.720 -55.740
-4.056 -55.769
-4.691 -55.807
> AN-SA
-4.693 -56.592
-5.448 -56.627
-6.057 -56.672
> AN-SA
-6.130 -57.240
-6.538 -57.270
-6.999 -57.318
> AN-SA
-7.009 -57.869
-7.525 -57.920
-8.607 -57.989
-9.885 -58.091
-11.190 -58.158
-12.649 -58.241
-13.954 -58.317
-15.069 -58.390
-15.972 -58.439
> AN-SA
-16.410 -59.098
-16.917 -59.098
-17.667 -59.129
-18.060 -59.153
> AN-SA
-18.123 -59.509
-18.433 -59.542
> AN-SA
-18.646 -60.250
-19.371 -60.289
> AN-SA
-19.581 -60.811
-20.651 -60.782
-21.719 -60.744
-22.914 -60.723
-24.107 -60.692
-25.094 -60.545
-26.071 -60.391
> TI-AU
124.734 -10.390
125.159 -10.159
125.482 -9.984
> TI-AU
126.333 -9.596
126.853 -9.390
127.430 -9.221
127.900 -9.133
128.376 -9.095
> AU-PA
174.988 -42.122
175.503 -42.059
> PA-NI
-174.754 -14.334
-174.083 -14.379
-173.836 -14.534
> PA-TO
-173.836 -14.534
-173.407 -14.584
> PA/AU
162.484 -11.421
162.626 -11.382
> PA/AU
163.195 -11.291
163.311 -11.265
> PA/AU
163.505 -11.238
163.699 -11.199
> PA/AU
164.151 -11.144
164.267 -11.118
> CA-NA
-63.360 19.691
-63.760 19.724
-64.344 19.779
-65.129 19.833
-65.694 19.829
-66.259 19.825
-67.040 19.754
-67.531 19.721
-68.022 19.687
-68.853 19.589
-69.415 19.696
> CA-NA
-71.277 20.201
-71.804 20.267
-72.332 20.331
-73.239 20.291
> CA-NA
-76.356 19.845
-76.983 19.747
-77.673 19.623
-78.361 19.497
-79.011 19.382
-79.660 19.264
-80.210 19.160
-80.758 19.054
-81.256 18.960
-81.754 18.865
> CA-NA
-81.625 17.802
-82.244 17.691
-82.865 17.626
-83.706 17.481
-84.248 17.344
-84.910 17.107
-85.671 16.911
-86.320 16.694
-86.966 16.476
> CA-SA
-58.639 10.190
-58.157 10.160
> CO-PA
-105.320 15.108
-104.690 15.274
> CO-PA
-103.772 11.890
-103.875 11.872
> CO-PA
-103.598 10.123
-104.296 10.017
> CO-PA
-104.229 8.340
-103.595 8.370
-102.961 8.400
> CO-PA
-102.184 3.778
-102.259 3.751
> CO-NZ
-98.918 2.112
-98.889 2.213
> CO-NZ
-97.551 2.088
-97.585 1.898
> CO-NZ
-96.175 1.873
-96.120 2.238
> CO-NZ
-95.224 2.222
-95.198 2.507
> CO-NZ
-92.090 2.200
-92.118 1.990
> CO-NZ
-91.538 2.011
-91.561 1.817
> CO-NZ
-90.697 1.736
-90.663 1.120
> CO-NZ
-85.386 0.832
-85.349 1.644
> CO-NZ
-84.576 1.598
-84.571 2.066
-84.567 2.534
-84.467 3.112
> CO-NZ
-82.806 3.118
-82.875 3.595
-82.875 4.072
-82.875 4.563
-82.875 5.054
-82.875 5.833
-82.875 6.562
-82.875 7.118
-82.875 7.366
> NA-EU
-14.734 70.389
-14.448 70.354
> NA-EU
-13.892 70.816
-13.396 70.772
-12.905 70.698
-12.255 70.563
> NA-EU
-11.356 71.052
-11.865 71.147
-12.359 71.252
> NA-EU
-11.370 71.774
-10.356 71.615
-9.393 71.456
-7.941 71.217
-7.375 71.125
> NA-EU
-5.699 71.540
-5.157 71.431
-4.741 71.333
> NA-EU
-4.072 71.491
-3.692 71.398
> NA-EU
7.785 78.235
6.776 78.444
5.592 78.641
4.691 78.806
3.857 78.950
3.432 79.030
> NA-EU
4.390 79.533
3.296 79.658
2.378 79.780
1.487 79.909
0.628 80.026
-0.251 80.142
-0.969 80.213
-1.766 80.309
-2.341 80.370
> NA-EU
-1.684 80.625
-2.942 80.756
-3.364 80.792
> NA-EU
-2.414 81.126
-3.454 81.251
-4.641 81.370
> NA-EU
-3.700 82.328
-5.010 82.519
> NA-EU
-5.865 82.691
-7.212 82.868
> NA-EU
4.035 84.597
4.508 84.570
> NA-EU
8.938 85.009
9.809 84.958
> NA-EU
46.314 86.561
46.063 86.598
> NA-EU
66.544 86.655
66.301 86.606
> NA-EU
69.752 86.472
68.208 86.306
> NA-EU
-29.588 40.106
-29.656 40.107
> NA-EU
-29.560 40.599
-29.346 40.570
> NA-EU
-29.229 41.215
-29.322 41.247
> NA-EU
-29.162 41.910
-29.261 41.929
> NA-EU
-29.223 42.289
-29.435 42.291
> NA-EU
-29.321 42.715
-29.372 42.724
> NA-EU
-29.317 43.081
-29.174 43.080
> NA-EU
-28.796 43.768
-28.524 43.768
> NA-EU
-28.435 44.198
-28.367 44.184
> NA-EU
-28.106 44.909
-28.157 44.920
> NA-EU
-28.076 45.127
-27.994 45.098
> NA-EU
-27.972 45.344
-27.937 45.337
> NA-EU
-27.924 45.466
-27.871 45.456
> NA-EU
-27.877 45.536
-27.825 45.526
> NA-EU
-27.739 45.878
-27.699 45.883
> NA-EU
-27.677 45.985
-27.602 45.983
> NA-EU
-27.565 46.213
-27.512 46.203
> NA-EU
-27.436 46.755
-27.378 46.757
> NA-EU
-27.463 47.658
-27.564 47.651
> NA-EU
-27.760 48.585
-27.889 48.609
-28.011 48.605
> NA-EU
-28.562 49.639
-28.718 49.653
-28.818 49.657
> NA-EU
-30.026 52.030
-30.376 52.057
-30.807 52.095
-31.058 52.105
-31.268 52.109
> NA-EU
-31.257 52.420
-31.582 52.465
-31.866 52.504
-32.054 52.516
-32.359 52.556
-32.649 52.581
-32.857 52.595
-33.020 52.615
-33.335 52.628
-33.712 52.648
-34.174 52.663
-34.572 52.682
-34.925 52.708
-34.884 52.704
-35.011 52.704
-35.138 52.705
> NA-EU
-35.183 53.210
-35.325 53.238
> NA-EU
-35.246 53.512
-35.452 53.546
> NA-EU
-35.121 54.308
-35.313 54.327
-35.488 54.331
> NA-EU
-35.212 54.971
-35.339 54.996
> NA-EU
-34.877 55.848
-34.638 55.812
> NA-EU
-34.440 56.499
-34.346 56.502
> NA-EU
-34.218 56.746
-34.072 56.739
> NA-EU
-33.978 56.902
-33.796 56.883
-33.682 56.871
-33.587 56.875
> NA-EU
-33.497 57.264
-33.377 57.265
-33.203 57.285
> NA-EU
-32.918 57.667
-32.806 57.642
> NA-EU
-32.472 58.006
-32.280 57.998
> NA-EU
-31.745 58.468
-31.556 58.447
> NA-EU
-30.977 58.976
-30.791 58.941
> PA-JF
-124.742 40.313
-125.450 40.354
-126.159 40.390
-126.869 40.422
-127.579 40.450
> PA-JF
-127.579 40.539
-127.717 40.573
> PA-JF
-127.560 41.589
-127.446 41.555
> PA-JF
-126.627 43.014
-127.571 43.419
-128.528 43.818
-129.498 44.208
-130.480 44.589
> PA-JF
-129.869 45.896
-130.073 45.943
> PA-JF
-129.803 46.433
-129.572 46.402
> PA-JF
-128.938 47.727
-129.190 47.835
> PA-JF
-128.919 48.869
-129.705 49.177
-130.501 49.479
> PA-JF
-130.162 50.217
-130.329 50.298
> NA/PA
165.771 54.588
166.407 54.237
> NA/PA
168.188 53.569
168.836 53.208
> NA-PA
-113.909 29.982
-113.758 29.834
> NA-PA
-112.321 28.125
-112.015 27.906
-111.711 27.694
-111.506 27.570
-111.382 27.497
> NA-PA
-111.569 27.215
-111.373 27.105
> NA-PA
-111.506 26.927
-111.228 26.723
-110.957 26.535
-110.758 26.416
-110.680 26.361
> NA-PA
-110.778 26.225
-110.572 26.066
-110.291 25.889
-110.024 25.706
-109.872 25.607
-109.806 25.557
> NA-PA
-110.007 25.339
-109.788 25.180
-109.591 25.016
-109.350 24.857
-109.178 24.735
-109.062 24.658
> NA-PA
-109.276 24.396
-109.002 24.152
-108.806 23.984
-108.610 23.814
-108.439 23.674
-108.357 23.614
> NA-PA
-108.651 23.241
-108.388 23.082
-108.010 22.986
> NA-SA
-60.753 19.208
-59.949 19.455
> NA-SA
-58.309 19.192
-57.493 19.052
-56.805 18.694
-56.118 18.258
-55.484 17.784
> NZ-PA
-102.524 -1.283
-102.399 -1.283
> NZ-PA
-102.462 -1.533
-102.307 -1.596
> NZ-PA
-102.402 -1.907
-102.621 -1.906
> NZ-PA
-102.754 -2.934
-102.566 -2.936
> NZ-PA
-102.735 -4.056
-103.637 -3.951
-104.539 -3.844
> NZ-PA
-104.699 -4.152
-105.380 -4.078
> NZ-PA
-105.544 -4.569
-106.253 -4.494
> NZ-PA
-106.587 -5.624
-106.741 -5.620
> NZ-PA
-106.752 -6.019
-106.845 -6.016
> NZ-PA
-106.950 -6.443
-107.441 -6.367
> NZ-PA
-108.320 -9.145
-109.038 -9.035
-109.756 -8.925
> NZ-PA
-109.857 -9.677
-110.071 -9.665
> NZ-PA
-110.292 -10.802
-110.447 -10.822
> NZ-PA
-111.077 -12.742
-110.892 -12.755
> NZ-PA
-111.007 -13.411
-111.191 -13.396
> NZ-PA
-111.266 -13.541
-111.846 -13.465
-112.426 -13.386
> NZ-PA
-112.613 -14.718
-112.766 -14.704
> NZ-PA
-113.066 -16.351
-112.973 -16.361
> NZ-PA
-113.165 -16.670
-113.041 -16.683
> NZ-PA
-113.241 -17.052
-113.117 -17.065
> NZ-PA
-113.329 -17.521
-113.174 -17.538
> NZ-PA
-113.388 -17.994
-113.264 -18.008
> NZ-PA
-113.520 -18.758
-113.364 -18.777
> NZ-PA
-113.623 -19.285
-113.498 -19.301
> OK-PS
140.870 34.529
141.104 34.439
> MA/PA
143.097 11.569
143.503 11.494
> KE-TO
-174.985 -23.750
-175.691 -23.853
> NI-AU
-176.549 -19.217
-175.979 -19.386
> TO-NI
-174.264 -15.314
-174.567 -15.250
> TO-NI
-174.870 -15.880
-174.601 -15.936
> TO-AU
-176.182 -20.106
-176.116 -20.129
> SC-AN
-50.887 -60.094
-49.599 -60.044
-48.251 -59.968
-46.963 -59.960
-45.603 -60.091
-44.226 -60.243
> EU-SU
111.569 17.955
112.098 18.038
112.628 18.121
113.313 18.280
114.000 18.438
> YA-SU
114.000 18.438
114.419 18.826
> AP-SA
-71.307 -21.965
-70.683 -21.734
> PA-NA
-108.582 21.905
-108.676 21.960
> RI-PA
-108.977 21.347
-108.809 21.253
> RI-PA
-109.285 20.558
-109.187 20.500
> RI-PA
-109.450 20.027
-109.160 19.806
-108.903 19.625
> RI-PA
-108.896 19.550
-108.534 19.384
-108.198 19.223
> RI-PA
-108.233 19.107
-107.816 18.936
-107.523 18.863
-107.272 18.756
-107.002 18.647
-106.756 18.590
-106.527 18.544
-106.244 18.520
> RI-PA
-106.308 17.929
-105.586 17.881
> PS-SU
122.086 15.648
122.555 15.493
123.024 15.337
123.492 15.180
123.959 15.023
124.425 14.864
124.891 14.704
> MS-BH
126.817 -1.018
126.393 -0.648
> SU-BU
94.024 10.170
94.216 9.717
> SU-BU
93.986 9.019
94.171 8.686
94.429 8.312
94.775 7.847
> SU-BU
94.460 7.603
94.883 7.139
> MS-SU
125.263 -0.446
124.857 -0.269
124.416 0.013
> MS-SU
123.535 1.354
123.448 1.812
123.430 2.006
> EU-NA
-16.487 68.808
-17.154 68.865
> EU-NA
-19.099 67.058
-18.118 66.934
> EU-NA
-18.247 66.781
-17.473 66.685
> EU-NA
-17.718 66.365
-16.507 66.203
> EU-NA
-19.238 63.862
-20.097 63.949
-20.731 64.017
-21.298 64.067
> EU-NA
-23.059 63.650
-23.330 63.651
> EU-NA
-25.311 62.614
-25.449 62.620
> EU-NA
-28.927 60.333
-29.028 60.340
> IN-AU
73.704 -5.778
73.770 -4.927
73.883 -4.307
> IN-AU
76.779 -5.046
77.355 -5.055
> PA-AU
163.235 -50.079
163.047 -50.273
> PA-AU
162.963 -50.369
162.785 -50.443
162.594 -50.549
162.453 -50.668
162.273 -50.817
162.049 -50.962
161.825 -51.118
161.716 -51.192
161.542 -51.399
161.368 -51.542
161.162 -51.751
161.026 -51.924
160.762 -52.166
160.671 -52.292
160.535 -52.433
160.342 -52.634
160.092 -52.822
159.905 -52.991
159.731 -53.170
159.512 -53.345
159.318 -53.598
> PA-AU
159.142 -53.812
158.985 -54.088
158.885 -54.308
158.740 -54.559
158.674 -54.689
> PA-AU
158.465 -55.522
158.332 -55.779
158.226 -56.022
158.153 -56.165
158.042 -56.311
157.944 -56.438
157.823 -56.725
157.703 -56.992
157.640 -57.230
157.615 -57.474
> ON-PS
121.779 24.255
122.140 23.949
122.501 23.643
> PA-CL
138.359 9.379
139.192 9.065
139.886 8.866
140.579 8.666
141.048 8.392
141.517 8.118
142.262 7.611
142.666 7.388
143.070 7.166
143.558 6.805
144.026 6.677
> PA-CL
144.664 6.611
145.067 6.503
145.471 6.353
146.001 6.160
146.382 5.883
146.730 5.511
147.078 5.138
147.425 4.765
147.772 4.393
148.191 3.776
148.694 3.137
> PA-CL
148.863 0.937
149.112 0.406
> PA-NB
154.256 -3.612
154.359 -3.948
> PA-NB
154.955 -4.550
154.992 -4.887
154.978 -5.240
> NB-SB
145.399 -3.485
146.110 -3.471
146.415 -3.438
> NB-SB
148.499 -3.222
148.675 -3.306
148.878 -3.395
149.089 -3.466
149.295 -3.522
149.453 -3.544
149.603 -3.570
149.717 -3.580
149.773 -3.592
149.816 -3.618
> NB-MN
150.509 -3.061
150.560 -3.051
> MN-SB
149.938 -3.724
150.027 -3.752
150.121 -3.790
150.192 -3.829
150.226 -3.874
150.240 -3.903
> NB-SB
151.301 -3.656
151.375 -3.706
151.428 -3.754
> NB-SB
153.193 -5.018
153.403 -5.361
153.614 -5.704
153.823 -6.046
153.930 -6.265
> WL-SS
155.454 -7.489
155.262 -7.629
154.872 -7.962
154.481 -8.296
154.087 -8.633
> WL-AU
151.834 -9.761
151.838 -9.906
> WL-AU
152.214 -9.945
152.223 -10.039
> WL-AU
152.849 -10.088
152.855 -10.384
> WL-AU
154.219 -10.279
154.218 -9.913
> WL-AU
154.849 -9.723
154.856 -9.839
> WL-AU
155.172 -9.730
155.172 -9.621
> WL-AU
155.436 -9.493
155.473 -9.568
> WL-AU
155.577 -9.531
155.599 -9.581
> WL-AU
155.797 -9.526
155.813 -9.572
> WL-AU
156.086 -9.538
156.066 -9.405
> WL-AU
156.124 -9.381
156.101 -9.268
> WL-AU
156.428 -9.179
156.390 -8.809
156.361 -8.598
156.331 -8.385
156.296 -8.174
> PS-MA
144.082 14.639
144.216 14.656
> PS-MA
144.334 14.884
144.530 14.917
> PS-MA
144.453 15.526
144.799 15.653
> PS-MA
144.671 17.420
144.970 17.535
> PS-MA
143.842 20.418
143.575 20.397
> PS-MA
142.886 23.701
143.522 24.391
> NH-PA
171.296 -13.793
171.295 -14.066
> CR-NH
173.251 -18.532
173.425 -18.520
> CR-NH
173.379 -21.140
174.119 -21.148
> NH-AU
172.439 -23.178
172.783 -23.069
173.040 -23.007
> NH-AU
173.212 -22.834
173.606 -22.835
> BR-NH
173.555 -15.697
173.400 -15.779
> BR-CR
173.901 -16.849
174.503 -16.563
> BR-CR
174.885 -16.873
175.107 -16.748
> BR-CR
175.226 -16.741
175.381 -16.629
> AU-CR
175.973 -17.804
176.336 -17.823
> AU-CR
175.733 -21.422
175.231 -21.750
174.584 -22.170
> BR-AU
176.377 -16.569
176.545 -16.557
176.671 -16.553
176.790 -16.545
176.883 -16.544
176.949 -16.524
177.035 -16.516
177.130 -16.505
177.190 -16.504
177.269 -16.506
177.412 -16.510
> BR-AU
177.414 -16.301
177.345 -16.302
> BR-AU
177.588 -16.225
177.721 -16.229
177.806 -16.227
177.876 -16.222
178.007 -16.172
178.086 -16.149
178.171 -16.115
178.283 -16.110
178.402 -16.104
178.491 -16.092
> BR-AU
178.562 -15.897
178.936 -15.812
179.332 -15.729
179.614 -15.677
> PA-BR
176.966 -13.853
177.167 -13.948
177.417 -14.055
178.029 -14.309
178.469 -14.501
179.012 -14.784
179.389 -14.975
179.790 -15.218
-179.739 -15.542
> PA-AU
-179.739 -15.542
-179.444 -15.527
> FT-AU
-179.444 -15.527
-178.812 -15.377
> FT-PA
-178.768 -14.230
-178.888 -14.224
> FT-PA
-179.048 -14.927
-179.288 -14.936
> EA-PA
-114.567 -23.024
-114.875 -23.040
> EA-PA
-114.962 -23.179
-115.183 -23.237
> EA-PA
-115.254 -23.397
-115.599 -23.468
> EA-PA
-115.482 -24.105
-115.912 -24.242
> EA-PA
-115.968 -24.383
-116.184 -24.458
> EA-PA
-116.099 -24.847
-116.490 -25.172
> EA-PA
-113.944 -26.790
-113.608 -26.809
-112.976 -26.830
> EA-NZ
-112.947 -26.724
-112.684 -26.801
> EA-NZ
-112.620 -25.934
-112.550 -25.926
> EA-NZ
-112.541 -25.787
-112.455 -25.786
> EA-NZ
-112.453 -25.059
-111.978 -25.027
> EA-NZ
-112.098 -24.110
-111.713 -24.032
> EA-NZ
-112.208 -22.821
-112.575 -22.619
-112.934 -22.407
> JZ-AN
-109.691 -34.609
-109.259 -34.545
> NZ-PA
-113.133 -27.577
-113.001 -27.607
> NZ-PA
-112.934 -28.379
-113.010 -28.383
> NZ-PA
-112.956 -29.009
-112.367 -29.160
-111.806 -29.266
> NZ-PA
-111.978 -31.386
-111.964 -31.390
> GP-PA
-102.088 1.903
-102.104 1.904
> GP-PA
-102.133 1.778
-102.262 1.752
> GP-PA
-102.230 1.541
-102.257 1.528
> GP-PA
-102.203 1.221
-102.223 1.214
> GP-NZ
-101.644 1.404
-101.580 1.318
> GP-NZ
-101.348 1.399
-101.315 1.350
> GP-NZ
-101.047 1.471
-101.074 1.514
> GP-NZ
-100.964 1.655
-100.973 1.679
> GP-NZ
-100.908 1.743
-100.974 1.832
> PA-CO
-102.118 2.893
-102.145 2.889
> NZ-PA
-102.240 0.713
-102.210 0.706
> CO-NZ
-101.203 2.241
-101.196 2.199
> CO-NZ
-100.066 2.207
-100.047 2.300
> SC-SA
-33.058 -55.458
-33.691 -55.605
> SC-SA
-49.163 -52.664
-50.671 -52.710
-52.176 -52.873
-53.382 -53.209
-54.741 -53.406
-55.597 -53.530
-56.457 -53.649
> SW-SC
-29.817 -55.683
-30.316 -55.754
> SW-SC
-30.378 -56.443
-30.721 -56.449
> SW-SC
-30.743 -56.859
-30.469 -56.851
> SW-SC
-30.380 -57.094
-30.129 -57.095
> SW-SC
-30.069 -57.599
-29.852 -57.598
> SW-SC
-29.844 -58.262
-30.007 -58.272
> SW-SC
-29.951 -58.805
-29.563 -58.817
> SW-SC
-29.555 -59.514
-30.108 -59.515
> SW-SC
-29.598 -60.435
-28.677 -60.459
> SW-AN
-27.697 -60.617
-26.889 -60.506
-26.071 -60.391
> SC-AN
-44.226 -60.243
-43.151 -60.376
-42.067 -60.501
> SC-AN
-39.093 -61.018
-37.561 -61.243
-36.418 -61.392
> SC-AN
-29.738 -60.575
-28.743 -60.601
-27.697 -60.617
> SW/SA
-28.647 -55.005
-29.489 -55.033
> AR-IN
60.970 19.813
61.230 20.230
61.492 20.644
61.848 21.126
62.096 21.425
> AR-IN
62.132 22.083
62.502 22.385
62.877 22.683
63.631 23.201
64.275 23.694
64.651 24.038
65.028 24.382
> IN-AR
59.909 15.572
59.642 15.242
59.410 14.895
> IN-AR
59.034 15.088
58.589 14.646
> IN-AR
58.213 14.916
57.984 14.599
> SO-AR
55.108 14.851
55.047 14.712
> SO-AR
54.549 14.870
54.511 14.760
54.451 14.621
> SO-AR
54.069 14.772
54.018 14.657
53.929 14.489
53.862 14.351
> SO-AR
53.220 14.562
53.211 14.538
> SO-AR
52.737 14.681
52.667 14.561
> SO-AR
52.139 14.689
51.940 14.353
51.763 14.028
51.570 13.667
51.449 13.458
51.343 13.272
51.253 13.122
> SO-AR
50.661 13.362
50.573 13.218
> SO-AR
50.310 13.313
50.252 13.229
50.167 13.123
> SO-AR
49.680 13.313
49.593 13.169
49.472 13.008
> SO-AR
49.430 13.042
49.349 12.897
49.278 12.802
> SO-AR
48.882 12.908
48.803 12.770
> SO-AR
48.448 12.729
48.349 12.573
> SO-AR
48.048 12.671
47.991 12.581
47.901 12.461
> SO-AR
47.649 12.519
47.588 12.441
47.539 12.369
> SO-AR
47.161 12.463
47.130 12.359
> SO-AR
46.992 12.403
46.930 12.300
46.849 12.211
> SO-AR
46.579 12.292
46.511 12.202
46.429 12.087
> SO-AR
46.198 12.172
46.150 12.112
46.110 12.058
> SO-AR
45.637 12.159
45.602 12.073
45.522 11.983
> SO-AR
45.328 12.052
45.281 11.998
> AF-SO
33.474 -34.173
32.690 -33.595
31.917 -33.012
31.153 -32.425
30.400 -31.833
> NZ-PM
-78.646 7.337
-78.751 7.329
-78.982 7.319
-79.240 7.301
-79.470 7.228
> NZ-PM
-79.846 7.160
-80.096 7.101
-80.250 7.133
> NZ-PM
-81.038 7.222
-81.163 7.172
-81.342 7.099
-81.487 7.055
-81.584 7.039
-81.741 7.061
> NZ-PM
-81.944 6.950
-82.090 6.967
> NZ-PM
-82.492 7.296
-82.617 7.307
-82.686 7.278
-82.748 7.283
> CA\ND
-70.952 13.438
-70.659 13.310
