> SO-IN
57.639 13.138
57.733 13.309
57.810 13.451
> SO-IN
56.969 13.937
57.037 14.068
> SO-IN
56.762 14.208
56.819 14.302
> EU-AF
-26.830 38.278
-26.718 38.420
> EU-AF
-25.633 37.722
-25.538 37.818
> EU-AF
-25.355 37.663
-25.267 37.769
> EU-AF
-19.682 37.025
-18.618 37.307
-18.124 37.466
> EU-AF
-15.143 37.021
-14.411 37.210
-13.675 37.395
> EU-AF
-11.585 35.851
-10.923 36.098
-10.429 36.392
-9.977 36.651
> EU-AF
5.142 37.082
5.974 37.154
6.784 37.322
7.215 37.320
7.805 37.358
8.265 37.467
> EU-AF
17.960 39.170
18.364 38.947
18.895 38.694
19.584 38.272
20.000 37.908
> IN-SO
58.430 8.863
58.251 8.647
> IN-SO
59.309 7.768
59.220 7.673
> AR-EU
65.028 24.382
64.161 24.350
63.366 24.285
62.581 24.283
61.955 24.087
61.365 24.122
60.870 24.177
60.374 24.232
59.603 24.311
58.716 24.363
57.832 24.443
> TI-AU
120.886 -11.493
121.110 -11.493
121.783 -11.412
> PA-AU
159.803 -60.006
160.327 -60.504
160.740 -61.053
161.129 -61.384
161.228 -61.457
> CA-NA
-61.553 18.959
-62.176 19.275
-62.847 19.574
-63.360 19.691
> CA-NA
-70.627 20.002
-71.277 20.201
> NA-SA
-61.553 18.959
-60.753 19.208
> NA-SA
-59.949 19.455
-59.131 19.325
-58.309 19.192
> OK-PS
139.923 34.713
140.440 34.631
140.870 34.529
> OK-PS
141.104 34.439
141.441 34.356
141.883 34.213
> PS-CL
134.521 6.990
135.415 6.895
136.183 6.989
136.759 7.368
137.144 7.620
137.529 7.871
137.982 8.534
138.309 9.196
138.359 9.379
> SC-AN
-64.617 -57.959
-63.571 -58.359
-62.571 -58.603
-61.040 -59.011
-59.704 -59.453
-58.970 -59.729
-58.223 -59.999
-56.925 -60.565
> SC-SL
-56.925 -60.565
-56.269 -60.742
-55.810 -60.700
-55.067 -60.763
> OK-AM
138.577 44.295
138.563 43.939
138.801 43.192
138.811 42.766
138.824 41.995
138.743 41.769
138.489 41.482
138.475 41.103
138.756 40.782
138.655 40.474
138.655 40.072
138.352 39.832
138.085 39.659
137.845 39.404
137.774 38.982
> NA-RI
-108.582 21.905
-108.397 21.835
-108.114 21.720
-107.928 21.686
-107.774 21.740
-107.586 21.742
-107.393 21.748
-107.171 21.752
-107.046 21.754
-106.890 21.799
> RI-CO
-105.586 17.881
-105.510 18.140
-105.442 18.355
-105.352 18.551
-105.247 18.762
> SU-BH
126.872 2.346
127.446 2.319
> MS-BS
122.823 -2.598
123.424 -2.846
123.672 -3.094
123.706 -3.941
123.458 -4.576
124.060 -4.701
124.662 -4.824
125.282 -4.789
125.901 -4.754
126.432 -4.471
126.963 -4.188
> BH-BS
133.311 -4.626
133.906 -4.812
> BS-TI
120.543 -7.812
121.253 -7.990
121.891 -8.062
122.673 -7.853
123.383 -7.784
> BS-TI
124.235 -7.784
124.750 -7.644
125.264 -7.503
125.761 -7.433
126.258 -7.309
126.755 -7.185
127.393 -7.184
127.854 -6.990
128.315 -6.795
128.776 -6.565
129.236 -6.334
> BS-TI
130.443 -6.717
131.010 -6.680
> IN-BU
92.068 13.715
92.517 14.384
> IN-AU
77.355 -5.055
77.981 -4.994
78.606 -4.932
79.141 -4.752
79.676 -4.573
80.374 -4.393
81.072 -4.213
81.701 -4.031
82.330 -3.848
82.796 -3.641
83.263 -3.433
83.729 -3.225
84.195 -3.017
84.987 -3.181
85.779 -3.344
86.501 -3.716
87.225 -4.088
87.923 -3.529
88.620 -2.969
88.828 -2.271
89.036 -1.574
89.430 -1.179
89.825 -0.783
90.630 -0.450
91.436 -0.117
92.241 0.216
93.046 0.549
93.852 0.882
94.415 1.493
94.979 2.104
> PA-AU
163.047 -50.273
162.963 -50.369
> PA-AU
159.216 -53.619
159.142 -53.812
> PA-AU
158.674 -54.689
158.618 -54.928
158.596 -55.047
158.540 -55.272
158.465 -55.522
> PA-AU
157.615 -57.474
157.620 -57.784
157.751 -58.068
157.920 -58.334
158.121 -58.605
158.267 -58.779
158.385 -58.858
158.650 -59.070
158.972 -59.305
159.186 -59.511
159.413 -59.732
159.691 -59.939
159.803 -60.006
> ON-PS
122.501 23.643
123.010 23.469
123.518 23.454
124.026 23.438
124.534 23.420
125.042 23.401
125.550 23.380
> CL-PS
134.521 6.990
134.269 6.610
133.989 6.333
> PA-CL
148.694 3.137
148.668 2.629
148.684 2.058
148.700 1.487
148.863 0.937
> PA-CL
149.112 0.406
149.191 -0.143
149.251 -0.397
149.270 -0.650
> CL-NB
142.246 -2.693
142.394 -2.462
142.626 -1.916
> CL-NB
142.922 -1.454
143.260 -1.160
143.808 -0.951
144.357 -0.742
145.033 -0.534
145.497 -0.473
145.919 -0.349
146.595 -0.290
147.059 -0.294
147.354 -0.275
147.859 -0.426
148.344 -0.409
148.724 -0.392
148.913 -0.457
149.270 -0.650
> PA-NB
149.270 -0.650
149.481 -0.818
149.769 -1.005
150.023 -1.021
150.344 -1.123
150.717 -1.224
151.089 -1.308
151.427 -1.460
151.816 -1.646
152.155 -1.865
152.578 -2.134
152.916 -2.150
153.119 -2.200
153.390 -2.436
153.542 -2.604
153.711 -2.688
153.882 -3.041
154.035 -3.327
154.256 -3.612
> PA-NB
154.359 -3.948
154.700 -4.283
154.955 -4.550
> PA-NB
154.533 -6.423
154.730 -6.858
154.927 -7.293
> NB-MN
150.732 -3.295
150.789 -3.329
150.824 -3.348
> NB-MN
150.982 -3.419
151.021 -3.476
151.095 -3.547
151.142 -3.587
151.204 -3.602
151.250 -3.607
151.301 -3.656
> MN-SB
149.817 -3.617
149.872 -3.659
149.938 -3.724
> SB-WL
147.476 -7.103
148.010 -7.312
148.587 -7.395
> BR-CR
174.503 -16.563
174.885 -16.873
> BR-CR
175.107 -16.748
175.226 -16.741
> BR-CR
175.381 -16.629
175.487 -16.622
175.612 -16.586
175.893 -16.558
176.184 -16.552
> AU-CR
174.584 -22.170
174.034 -22.488
> BR-AU
176.184 -16.552
176.377 -16.569
> BR-AU
177.400 -16.212
177.588 -16.225
> PA-BR
175.947 -13.422
176.021 -13.643
> EA-NZ
-112.934 -22.407
-113.280 -22.223
-113.610 -22.126
-113.906 -22.102
-114.125 -22.106
-114.421 -22.115
> JZ-PA
-112.151 -32.343
-112.356 -32.328
> JZ-PA
-112.504 -33.650
-112.604 -33.663
> JZ-NZ
-109.206 -32.661
-109.435 -32.400
-109.791 -32.115
-110.210 -31.920
-110.687 -31.715
-111.202 -31.564
-111.660 -31.556
-112.023 -31.536
> GP-NZ
-100.974 1.832
-101.049 1.906
-101.149 1.980
-101.270 2.049
-101.356 2.104
-101.438 2.160
-101.512 2.232
> SC-SA
-29.489 -55.033
-30.906 -54.822
-32.367 -54.585
-33.734 -54.460
> SC-SA
-33.691 -55.605
-34.591 -55.729
> SC-SA
-36.108 -55.642
-36.846 -55.215
-37.810 -55.086
> SC-SA
-38.715 -54.853
-39.711 -54.633
-40.660 -54.397
-41.597 -54.154
-42.410 -53.880
-43.213 -53.600
-44.209 -53.270
-45.191 -52.931
-46.414 -52.830
-47.663 -52.691
-49.163 -52.664
> SC-AN
-42.067 -60.501
-41.214 -60.975
> SC-AN
-39.827 -60.634
-39.093 -61.018
> AR-IN
60.215 18.240
60.456 18.798
60.712 19.306
60.970 19.813
> AR-IN
62.096 21.425
62.132 22.083
> IN-AR
60.215 18.240
60.062 17.458
60.020 16.713
59.964 16.142
59.909 15.572
> AF-SO
32.125 -46.998
32.663 -46.191
33.171 -45.382
33.678 -44.561
34.157 -43.747
34.636 -42.931
35.090 -42.103
35.528 -41.254
35.955 -40.403
36.371 -39.550
36.777 -38.696
37.174 -37.840
37.562 -36.984
36.721 -36.433
35.892 -35.876
35.075 -35.314
34.269 -34.746
33.474 -34.173
> PM-CA
-76.924 9.376
-77.083 9.631
-77.291 9.900
-77.499 10.099
-77.679 10.270
-77.922 10.432
-78.129 10.547
-78.229 10.615
-78.427 10.639
-78.745 10.653
-78.970 10.580
-79.151 10.479
-79.234 10.415
-79.432 10.431
-79.748 10.389
-80.105 10.305
-80.365 10.271
-80.636 10.154
-80.879 10.058
-81.079 9.935
-81.306 9.778
-81.469 9.587
-81.654 9.444
> NZ-PM
-80.250 7.133
-80.363 7.221
-80.539 7.335
> NZ-PM
-82.090 6.967
-82.125 7.008
-82.202 7.041
-82.273 7.129
-82.339 7.251
-82.492 7.296
> NZ-PM
-82.748 7.283
-82.811 7.303
-82.875 7.366
