> EU-AF
-6.064 34.784
-6.040 34.517
-6.000 34.263
> EU-AF
15.639 38.299
15.551 38.114
15.421 37.886
15.344 37.615
> PA-AN
167.550 -62.971
168.277 -62.773
168.708 -62.632
169.238 -62.446
> TI-AU
129.861 -8.926
130.540 -8.726
130.933 -8.562
131.415 -8.267
131.867 -7.661
132.431 -6.989
132.689 -6.681
> KE-AU
-177.419 -24.105
-177.448 -24.242
-177.552 -24.720
-177.657 -25.197
-177.793 -25.976
> KE-AU
-178.482 -27.986
-178.713 -28.693
> KE-AU
-178.966 -29.498
-179.074 -29.792
-179.226 -30.355
> KE-AU
178.996 -34.246
178.681 -34.786
> KE-AU
177.507 -36.461
177.049 -37.102
176.770 -37.485
176.509 -37.885
176.241 -38.287
175.995 -38.674
175.932 -38.762
175.609 -39.230
> AU-WL
151.545 -9.676
151.005 -9.681
150.466 -9.687
150.245 -9.945
149.676 -9.801
149.133 -9.353
148.751 -9.570
148.207 -9.212
147.539 -8.886
> CA-NA
-87.723 16.251
-88.351 15.958
-88.876 15.622
-89.372 15.215
-89.718 14.815
-90.037 14.392
-90.426 13.917
-90.810 13.394
-90.898 12.584
> EU-IN
67.342 28.404
67.240 28.573
> EU-IN
70.258 31.006
70.101 31.459
69.942 31.913
> NA-EU
125.679 78.133
126.457 77.684
127.181 77.234
127.634 76.643
128.050 76.050
128.519 75.494
128.955 74.938
129.595 74.479
130.200 74.018
131.263 73.371
132.483 72.695
133.267 72.282
134.017 71.865
134.854 71.268
135.595 70.692
135.962 70.530
136.758 69.954
137.368 69.635
138.523 69.042
138.963 68.477
139.381 67.910
140.330 67.447
141.242 66.979
> NA-PA
-115.596 33.237
-115.717 33.130
> NA-PA
-115.508 32.958
-115.581 32.876
> NA-PA
-115.212 32.512
-115.330 32.418
> NA-PA
-114.118 31.356
-114.330 31.194
-114.439 31.097
> NA-PA
-113.807 30.313
-114.041 30.121
> NA-PA
-113.870 29.730
-113.969 29.646
> NA-PA
-113.281 29.008
-113.339 28.950
> KE-TO
-176.887 -24.029
-177.419 -24.105
> NI-FT
-176.319 -14.904
-176.331 -15.050
-176.341 -15.184
-176.387 -15.312
-176.462 -15.419
> NI-FT
-176.660 -15.604
-177.130 -15.559
> NI-AU
-177.130 -15.559
-177.248 -15.710
> NI-AU
-177.664 -16.107
-177.678 -16.177
> NI-AU
-176.921 -16.877
-176.820 -17.034
-176.713 -17.219
-176.625 -17.399
-176.532 -17.574
> TO-NI
-174.667 -15.370
-174.731 -15.471
-174.822 -15.616
-174.866 -15.739
-174.870 -15.880
> TO-NI
-174.550 -16.597
-174.535 -16.736
-174.529 -16.874
-174.523 -17.066
-174.565 -17.101
-174.599 -17.320
-174.571 -17.360
-174.597 -17.612
> TO-NI
-174.560 -17.630
-174.568 -17.842
-174.659 -18.035
-174.757 -18.231
-174.870 -18.416
-174.956 -18.604
-175.035 -18.788
-175.095 -19.001
-175.155 -19.225
-175.189 -19.459
-175.210 -19.704
> TO-AU
-177.102 -23.414
-177.250 -23.708
-177.419 -24.105
> SL-AN
-63.292 -62.825
-62.420 -63.001
-61.750 -63.293
-60.118 -62.945
-58.614 -62.553
-57.390 -62.304
-56.306 -62.063
-55.436 -61.687
-54.301 -61.510
> SC-AN
-54.301 -61.510
-53.122 -61.037
> AS-AT
28.789 36.361
28.411 36.983
28.254 37.269
> AS-AT
28.278 37.757
28.200 37.965
27.954 38.228
27.672 38.499
27.138 38.876
26.610 39.298
26.256 39.529
25.861 39.708
> AS-EU
25.417 40.156
24.931 40.092
24.559 40.055
24.002 39.918
> AS-EU
22.727 38.271
22.164 38.355
21.582 38.421
21.097 38.439
20.437 38.471
> AT-AR
36.413 36.023
36.389 36.260
36.466 36.730
> AT-EU
30.774 40.601
30.007 40.768
> AT-EU
27.987 40.618
27.568 40.640
27.256 40.789
> OK-EU
144.932 65.286
145.487 64.438
146.008 63.587
146.499 62.734
146.963 61.880
146.126 61.570
145.306 61.255
144.502 60.935
143.715 60.611
142.943 60.282
142.187 59.948
142.086 59.479
141.988 59.009
141.893 58.539
141.800 58.069
141.709 57.598
141.621 57.128
141.535 56.658
141.451 56.188
> AM-EU
142.409 54.035
141.278 54.074
140.145 54.103
> AM-EU
119.918 57.316
119.021 57.151
118.133 56.980
117.253 56.802
116.382 56.618
> AM-EU
110.924 56.221
109.758 55.762
109.375 55.331
109.000 54.899
108.691 54.150
108.393 53.401
107.706 53.081
107.029 52.758
106.362 52.431
105.705 52.099
105.058 51.765
104.420 51.427
104.904 50.786
105.375 50.143
105.582 49.292
105.781 48.441
105.916 47.910
106.048 47.380
106.177 46.849
106.304 46.318
106.460 45.875
106.614 45.431
106.765 44.987
106.914 44.543
107.061 44.099
107.205 43.655
108.131 43.149
109.041 42.637
109.693 42.070
110.570 41.601
111.435 41.126
112.287 40.645
> AM-EU
115.235 40.921
115.810 40.596
116.379 40.268
> AM-EU
122.732 42.188
123.510 41.530
124.272 40.868
125.019 40.200
125.199 39.742
125.376 39.283
125.551 38.824
125.723 38.365
125.914 37.541
126.101 36.717
126.115 36.169
126.128 35.621
126.196 34.936
126.263 34.252
> EU-SU
99.766 14.838
100.297 15.462
100.832 16.084
101.141 16.575
101.451 17.066
> YA-SU
117.864 20.720
118.045 21.498
> EU-YA
114.000 18.438
113.759 18.863
113.517 19.288
113.274 19.713
113.030 20.137
112.784 20.561
112.537 20.985
112.288 21.408
112.038 21.831
> EU-YA
107.681 23.456
107.132 24.052
106.578 24.646
106.018 25.238
105.720 25.797
105.419 26.355
105.182 27.117
104.942 27.878
105.170 28.334
105.399 28.790
106.262 29.254
107.133 29.713
108.043 30.005
108.959 30.290
109.880 30.569
110.806 30.842
111.209 31.252
111.615 31.660
111.633 32.252
111.651 32.843
112.274 33.465
112.905 34.083
113.250 34.469
113.599 34.854
114.280 34.843
114.960 34.828
> EU-YA
119.711 31.199
120.368 31.392
121.027 31.581
> AP-SA
-70.062 -21.500
-69.114 -21.500
-68.166 -21.500
-67.655 -21.500
-67.145 -21.500
-66.634 -21.500
-66.123 -21.500
-65.427 -21.465
-64.732 -21.427
-64.139 -21.399
-63.545 -21.368
> AP-SA
-73.274 -12.486
-73.850 -13.182
-74.429 -13.876
-74.922 -14.497
-75.418 -15.117
-75.916 -15.736
> SU-BH
128.081 2.290
128.187 1.974
> SU-BH
128.752 1.623
129.197 1.059
> MS-BS
119.475 -0.081
119.896 -0.859
120.388 -1.461
120.811 -1.710
121.234 -1.959
121.728 -2.154
122.223 -2.350
> BS-AU
133.686 -6.348
133.982 -5.641
133.449 -5.344
133.906 -4.812
> AU-BH
134.488 -4.437
133.906 -4.812
> MO-BH
136.931 -2.493
136.562 -2.796
136.167 -3.100
135.771 -3.403
135.262 -3.849
134.966 -4.298
> SU-BU
96.503 14.129
95.857 13.783
95.505 12.918
> SU-BU
94.415 9.270
93.986 9.019
> SU-BU
94.775 7.847
94.460 7.603
> SU-BU
96.567 4.644
96.601 3.772
96.697 2.979
96.783 2.185
96.743 1.763
96.202 1.345
> YA-ON
121.575 24.691
122.024 24.853
122.554 25.065
123.182 24.860
123.721 24.899
123.755 25.017
124.148 25.070
> YA-ON
124.705 25.120
124.697 25.475
125.159 25.569
125.736 25.644
> YA-ON
125.663 25.927
126.065 26.123
126.383 26.370
126.477 26.540
126.820 26.811
> YA-ON
126.745 27.006
126.885 27.149
127.417 27.486
> YA-ON
127.347 27.662
127.599 27.790
128.049 28.053
128.557 28.401
> YA-ON
128.321 28.708
128.687 29.032
129.055 29.355
> YA-ON
128.646 29.893
128.881 30.104
> YA-ON
128.848 30.387
129.032 30.585
> YA-ON
128.819 31.024
129.059 31.264
> AM-ON
129.442 31.793
129.768 32.042
130.185 32.019
130.835 31.982
131.284 31.877
131.717 31.761
132.030 31.484
132.269 31.257
> EU-AM
123.364 31.471
124.072 32.173
124.791 32.870
125.521 33.563
126.263 34.252
> PA-NB
154.978 -5.240
154.592 -5.581
> NB-SB
146.836 -3.755
146.918 -3.641
146.999 -3.514
147.083 -3.385
147.162 -3.261
147.241 -3.152
147.325 -3.053
147.407 -2.962
147.478 -2.909
147.539 -2.881
> NB-SB
147.605 -2.879
147.816 -2.813
> NB-SB
151.428 -3.754
151.563 -3.665
> NB-SB
151.675 -3.769
151.814 -3.720
151.929 -3.677
151.987 -3.649
152.038 -3.636
152.132 -3.666
> SB-WL
143.743 -3.460
144.079 -3.766
144.416 -4.004
144.583 -4.376
144.733 -4.697
144.867 -4.968
145.007 -5.202
> PS-MA
142.560 22.662
142.257 23.009
142.886 23.701
> NH-PA
168.596 -13.514
168.159 -13.515
> CR-NH
174.090 -21.841
174.056 -22.236
> PA-BR
173.049 -13.490
173.671 -13.517
> PA-BR
174.898 -13.335
175.314 -13.244
> SC-SA
-63.713 -54.018
-64.788 -54.173
-65.871 -54.318
> SC-AN
-33.446 -60.701
-32.367 -60.409
> SO-AR
43.650 12.013
42.841 11.795
42.033 11.577
> AF-AR
39.298 19.030
38.826 19.448
38.396 19.907
38.075 20.389
37.975 21.021
37.825 21.843
37.540 22.494
37.042 23.226
36.571 23.639
36.407 24.133
36.242 24.626
36.066 25.055
35.889 25.484
35.546 25.919
35.200 26.353
34.875 26.808
34.547 27.262
34.257 27.885
> AR-AF
39.298 19.030
39.590 18.419
39.987 17.949
40.331 17.266
40.251 16.785
40.172 16.304
> AR-AF
39.671 15.772
39.777 15.138
40.026 14.719
40.275 14.300
40.614 13.742
> AR-AF
40.091 13.209
40.507 12.600
40.857 12.205
41.206 11.811
> AR-AF
41.649 12.189
42.033 11.577
> SO-AF
42.033 11.577
41.442 11.317
41.117 10.732
40.792 10.146
40.449 9.796
40.107 9.446
39.790 9.071
39.473 8.696
39.157 8.296
38.841 7.895
38.478 7.447
38.115 6.998
37.849 6.477
37.583 5.956
> SO-AF
36.914 5.958
36.601 5.484
36.290 5.009
> SO-AF
32.227 5.717
31.753 5.097
31.279 4.477
> SO-AF
30.471 4.235
30.475 3.524
30.478 2.812
31.049 2.648
31.620 2.483
31.122 1.960
30.625 1.437
30.246 0.749
29.867 0.060
29.630 -0.626
29.392 -1.313
29.130 -1.809
28.868 -2.306
28.910 -3.134
28.953 -3.962
29.280 -4.557
29.608 -5.151
29.604 -5.625
29.600 -6.099
30.045 -6.791
30.493 -7.483
31.042 -7.631
31.592 -7.778
32.117 -8.162
32.643 -8.546
33.099 -8.643
33.556 -8.741
33.818 -9.598
34.081 -10.455
34.709 -11.027
34.441 -11.717
34.172 -12.406
34.071 -13.167
34.461 -13.859
34.853 -14.549
34.729 -15.191
34.604 -15.834
34.901 -16.334
35.199 -16.833
35.200 -17.404
35.200 -17.976
34.599 -18.356
34.272 -18.688
33.943 -19.019
33.613 -19.350
33.282 -19.681
33.196 -20.512
33.110 -21.344
> SO-AF
27.489 -24.404
27.592 -24.847
27.696 -25.291
27.800 -25.733
27.905 -26.177
> SO-AF
26.594 -28.187
27.179 -28.625
27.769 -29.060
> NZ-PM
-80.687 7.415
-80.784 7.358
> CA\ND
-70.659 13.310
-70.496 13.162
> CA\ND
-70.183 12.930
-69.863 12.668
-69.594 12.450
-69.348 12.175
-69.024 11.844
-68.730 11.513
-68.379 11.174
-68.087 10.814
-67.961 10.500
> ND-SA
-68.350 10.535
-68.131 10.511
> CA-SA
-65.121 10.600
-64.997 10.539
