> EU-AF
-8.785 36.051
-8.031 35.667
-7.193 35.273
-6.730 35.063
-6.064 34.784
> EU-AF
-6.000 34.263
-5.808 34.019
> EU-AF
15.344 37.615
15.375 37.340
> AR-EU
57.057 26.049
56.992 26.545
> AR-EU
50.998 29.072
51.057 29.578
> TI-AU
125.482 -9.984
125.869 -9.784
126.333 -9.596
> TI-AU
128.376 -9.095
129.106 -9.020
129.861 -8.926
> AU-PA
168.770 -44.021
169.136 -43.845
169.647 -43.594
170.103 -43.358
170.638 -43.088
170.995 -42.932
> AU-PA
171.277 -42.743
171.473 -42.675
171.859 -42.616
172.593 -42.483
173.126 -42.392
173.724 -42.291
174.304 -42.201
174.988 -42.122
> KE-AU
175.609 -39.230
176.074 -40.046
175.868 -40.311
175.537 -40.598
> WL-AU
145.666 -7.661
146.398 -8.103
146.918 -8.410
> AU-WL
147.539 -8.886
146.954 -8.598
> CA-NA
-69.415 19.696
-69.978 19.802
> CA-NA
-73.239 20.291
-73.994 20.166
-74.749 20.037
-75.239 19.990
-75.729 19.942
-76.356 19.845
> CA-NA
-86.966 16.476
-87.723 16.251
> CA-SA
-63.878 10.532
-63.233 10.509
-62.641 10.482
-62.158 10.458
-61.542 10.427
-60.927 10.395
-60.457 10.345
-59.988 10.295
-59.121 10.220
-58.639 10.190
> EU-IN
67.104 25.499
67.268 25.984
67.253 26.518
67.248 27.085
67.332 27.912
67.342 28.404
> EU-IN
67.240 28.573
67.277 29.377
67.301 29.795
> EU-IN
69.881 29.262
70.100 29.840
70.178 30.423
70.258 31.006
> EU-IN
75.675 32.189
75.722 31.633
> NA-EU
141.242 66.979
142.503 66.654
143.731 66.318
144.344 65.803
144.932 65.286
> NA-PA
-137.107 58.438
-136.895 58.090
-136.522 57.634
-136.209 57.118
-135.903 56.621
-135.429 56.102
-135.180 55.819
-134.669 55.317
-134.151 54.812
-133.840 54.377
-133.426 53.924
-133.093 53.522
-132.714 53.127
> NA-PA
-131.592 52.259
-131.177 51.886
> NA-PA
-124.416 40.311
-124.163 39.914
-123.890 39.439
-123.597 38.997
-123.305 38.541
-122.696 37.874
-122.380 37.527
-122.005 37.205
-121.305 36.698
-120.897 36.338
-120.438 35.910
-119.936 35.450
-119.329 34.981
> NA-PA
-116.660 34.042
-116.209 33.771
-115.773 33.421
-115.596 33.237
> NA-PA
-115.717 33.130
-115.594 33.040
-115.508 32.958
> NA-PA
-115.581 32.876
-115.412 32.710
-115.212 32.512
> NA-PA
-115.330 32.418
-115.085 32.236
-114.765 31.995
-114.522 31.786
-114.332 31.602
-114.207 31.458
-114.118 31.356
> NA-PA
-114.439 31.097
-114.303 30.912
-114.129 30.680
-113.986 30.513
-113.807 30.313
> NA-PA
-114.041 30.121
-113.909 29.982
> NA-PA
-113.969 29.646
-113.775 29.440
-113.521 29.205
-113.281 29.008
> NA-PA
-113.339 28.950
-113.087 28.715
-112.812 28.499
-112.589 28.322
-112.321 28.125
> OK-PS
139.234 35.014
139.429 34.860
> KE-TO
-175.691 -23.853
-176.356 -23.952
-176.887 -24.029
> NI-AU
-177.678 -16.177
-177.513 -16.320
-177.364 -16.437
-177.201 -16.575
-177.068 -16.725
-176.921 -16.877
> TO-NI
-174.597 -17.612
-174.560 -17.630
> SL-AN
-63.969 -62.422
-63.292 -62.825
> AS-AT
28.254 37.269
28.254 37.521
28.278 37.757
> AS-AT
25.861 39.708
25.417 40.156
> AS-EU
24.002 39.918
23.787 39.720
23.463 39.287
23.212 38.948
22.955 38.599
22.727 38.271
> AS-EU
20.437 38.471
20.282 38.115
> AR-AF
35.571 32.755
35.470 32.004
> AR-AF
35.309 31.383
35.142 30.702
34.952 30.000
> AT-AR
36.466 36.730
36.790 37.398
> AT-AR
39.402 38.497
40.163 38.768
> AT-AR
40.624 38.857
41.001 39.080
> EU-AR
41.001 39.080
41.026 38.849
> EU-AR
44.020 37.098
44.357 36.572
44.515 36.015
44.671 35.458
44.836 35.025
45.000 34.591
> AT-EU
41.001 39.080
40.449 39.393
39.892 39.702
39.268 39.909
38.795 40.009
38.021 40.269
37.062 40.600
36.169 40.849
35.527 41.002
34.832 41.123
34.286 41.159
33.405 41.023
32.393 40.860
31.482 40.679
31.116 40.615
30.774 40.601
> AT-EU
30.007 40.768
29.030 40.686
28.725 40.668
27.987 40.618
> AT-EU
27.256 40.789
26.597 40.553
26.010 40.326
25.417 40.156
> OK-NA
170.743 61.736
169.722 61.667
168.706 61.590
167.696 61.506
166.691 61.414
165.013 61.338
163.345 61.241
162.353 61.272
161.359 61.296
160.363 61.313
159.367 61.322
158.045 61.407
156.717 61.479
155.337 61.607
153.946 61.721
> OK-NA
152.596 62.353
151.189 62.971
149.721 63.574
148.191 64.162
146.595 64.733
144.932 65.286
> OK-EU
141.451 56.188
141.700 55.650
141.943 55.112
142.179 54.574
142.409 54.035
> AM-EU
140.145 54.103
139.211 54.333
137.918 54.588
136.610 54.830
135.138 55.060
133.650 55.273
132.674 55.491
131.688 55.702
130.747 55.861
129.798 56.013
128.393 56.402
126.960 56.774
125.499 57.130
124.573 57.178
123.645 57.219
122.715 57.254
121.784 57.281
120.851 57.302
119.918 57.316
> AM-EU
116.382 56.618
115.015 56.526
113.656 56.418
112.305 56.295
110.924 56.221
> AM-EU
113.542 41.399
114.392 41.163
115.235 40.921
> AM-EU
116.379 40.268
117.010 40.057
117.638 39.843
> EU-SU
99.210 14.446
99.766 14.838
> EU-SU
101.451 17.066
102.032 17.350
102.615 17.633
> EU-SU
110.512 17.783
111.040 17.870
111.569 17.955
> YA-SU
114.419 18.826
114.926 19.340
115.494 19.687
> YA-SU
117.145 19.940
117.504 20.330
117.864 20.720
> YA-SU
118.045 21.498
118.484 22.107
> YA-SU
118.958 22.003
119.618 22.269
> IN-EU
96.406 15.135
96.419 15.396
96.447 16.003
96.470 16.644
> IN-EU
95.918 21.681
95.918 22.352
95.909 23.015
95.969 23.760
96.117 24.480
96.310 25.134
96.581 25.647
96.906 26.287
97.130 26.820
97.346 27.241
97.471 27.702
> EU-YA
112.038 21.831
111.175 22.165
110.308 22.495
109.436 22.820
108.561 23.141
107.681 23.456
> EU-YA
114.960 34.828
115.746 34.213
> EU-YA
119.001 31.376
119.711 31.199
> EU-YA
121.027 31.581
121.611 31.557
122.195 31.531
122.780 31.502
123.364 31.471
> AP-SA
-70.683 -21.734
-70.062 -21.500
> AP-SA
-72.036 -12.348
-72.655 -12.418
-73.274 -12.486
> PS-YA
121.575 24.691
121.335 24.963
> PS-SU
119.255 16.556
119.728 16.407
120.201 16.257
120.673 16.107
121.145 15.955
121.616 15.802
122.086 15.648
> SU-BH
128.187 1.974
128.752 1.623
> MS/SU
119.249 0.714
119.475 -0.081
> MS-BS
122.223 -2.350
122.823 -2.598
> MS-BS
126.963 -4.188
127.325 -3.719
127.510 -3.163
127.667 -2.447
127.666 -1.758
> BS-SU
118.823 -3.610
119.565 -3.966
> BS-SU
119.953 -4.303
120.341 -4.640
> BS-SU
120.620 -6.122
120.546 -6.968
120.543 -7.812
> BS-AU
132.689 -6.681
133.188 -6.515
133.686 -6.348
> MS-BH
127.666 -1.758
127.241 -1.388
126.817 -1.018
> MS-BH
126.393 -0.648
125.969 -0.278
> SU-TI
120.886 -11.493
120.995 -10.829
121.033 -10.165
120.821 -9.586
120.610 -9.007
120.576 -8.410
120.543 -7.812
> AU-MO
140.798 -5.110
140.264 -4.931
139.731 -4.751
138.959 -4.548
138.484 -4.442
138.010 -4.337
137.177 -4.221
136.672 -4.199
136.167 -4.177
135.459 -4.218
134.966 -4.298
> AU-BH
134.966 -4.298
134.488 -4.437
> MO-BH
138.972 -1.607
138.488 -1.754
138.003 -1.900
137.634 -2.080
137.282 -2.295
136.931 -2.493
> SU-BU
96.480 14.400
96.503 14.129
> SU-BU
94.216 9.717
94.415 9.270
> SU-BU
94.497 6.837
94.950 6.259
95.435 5.715
96.013 5.114
96.567 4.644
> IN-BU
92.517 14.384
92.941 14.869
93.368 15.353
93.788 15.562
94.209 15.770
95.095 15.813
95.911 15.535
96.406 15.135
> MS-SU
124.416 0.013
124.010 0.437
123.746 0.843
123.535 1.354
> ON-PS
121.575 24.691
121.779 24.255
> YA-ON
125.736 25.644
125.663 25.927
> YA-ON
126.820 26.811
126.745 27.006
> YA-ON
127.417 27.486
127.347 27.662
> YA-ON
128.557 28.401
128.321 28.708
> YA-ON
128.881 30.104
128.848 30.387
> YA-ON
129.059 31.264
129.121 31.409
129.442 31.793
> AM-YA
123.364 31.471
123.867 31.326
124.487 31.250
125.030 31.196
125.729 31.202
126.404 31.227
127.054 31.273
127.655 31.362
128.258 31.471
128.812 31.601
129.442 31.793
> PA-NB
154.592 -5.581
154.545 -5.901
154.533 -6.423
> NB-SB
144.368 -3.531
144.807 -3.550
145.399 -3.485
> NB-SB
147.539 -2.881
147.605 -2.879
> NB-SB
148.123 -3.026
148.329 -3.141
148.499 -3.222
> NB-SB
151.563 -3.665
151.675 -3.769
> NB-SB
152.132 -3.666
152.226 -3.739
152.328 -3.822
152.415 -3.903
152.478 -3.974
152.557 -4.039
152.616 -4.130
152.662 -4.188
152.927 -4.603
153.193 -5.018
> SB-WL
145.007 -5.202
145.505 -5.762
> WL-SS
154.087 -8.633
153.697 -8.966
153.255 -9.186
> BR-AU
179.614 -15.677
179.890 -15.654
-179.739 -15.542
> FT-AU
-178.812 -15.377
-178.264 -15.325
-177.691 -15.398
-177.130 -15.559
> FT-PA
-176.346 -14.634
-176.880 -14.671
-177.415 -14.706
-177.746 -14.646
> SC-SA
-56.457 -53.649
-57.750 -53.626
-59.246 -53.598
-60.532 -53.674
-61.933 -53.810
-62.821 -53.917
-63.713 -54.018
> SC-SA
-65.871 -54.318
-67.404 -54.394
-68.989 -54.430
-69.867 -54.231
-70.513 -54.099
-71.291 -53.923
-72.082 -53.718
-73.010 -53.313
-74.035 -52.911
-74.996 -52.556
-75.743 -52.315
-76.483 -52.068
> SW-SC
-28.677 -60.459
-27.705 -60.467
> SC-AN
-32.367 -60.409
-31.014 -60.512
-29.738 -60.575
> AF-AR
34.257 27.885
34.428 28.414
34.601 28.943
34.776 29.472
34.952 30.000
> AR-AF
40.172 16.304
39.671 15.772
> AR-AF
40.614 13.742
40.091 13.209
> AR-AF
41.206 11.811
41.649 12.189
> AT/AF
34.500 34.785
34.900 35.091
35.362 35.405
35.791 35.689
36.413 36.023
> SO-AF
37.583 5.956
36.914 5.958
> SO-AF
36.290 5.009
35.782 5.099
35.275 5.188
34.767 5.277
34.260 5.366
33.752 5.455
33.244 5.543
32.736 5.630
32.227 5.717
> SO-AF
31.279 4.477
30.471 4.235
> SO-AF
33.110 -21.344
32.636 -21.492
32.160 -21.639
31.684 -21.784
31.207 -21.928
> SO-AF
29.289 -22.491
28.844 -22.971
28.396 -23.450
27.944 -23.928
27.489 -24.404
> SO-AF
26.596 -26.768
26.595 -27.477
26.594 -28.187
> SO-AF
27.769 -29.060
28.054 -29.454
28.341 -29.849
> AF-SO
30.400 -31.833
29.656 -31.236
28.921 -30.635
28.341 -29.849
> PM-CA
-76.684 8.731
-76.765 9.065
> NZ-PM
-79.470 7.228
-79.658 7.184
-79.846 7.160
> PM-ND
-78.646 7.337
-78.229 7.510
-78.013 7.637
-77.707 7.829
> PM-ND
-77.534 8.012
-77.331 8.105
-77.149 8.190
> CA\ND
-70.496 13.162
-70.183 12.930
> ND-SA
-81.599 -3.245
-81.302 -3.268
-80.977 -3.264
-80.575 -3.074
-80.206 -2.883
-79.803 -2.643
-79.497 -2.472
> ND-SA
-77.332 0.899
-76.922 1.101
-76.574 1.276
> ND-SA
-76.254 1.506
-75.989 1.618
> ND-SA
-74.345 3.294
-74.101 3.420
> ND-SA
-73.592 4.168
-73.326 4.308
-73.130 4.413
> ND-SA
-72.633 5.118
-72.353 5.264
> ND-SA
-72.437 7.700
-72.246 7.819
-72.091 7.903
> ND-SA
-71.696 8.342
-71.456 8.453
-71.208 8.571
> ND-SA
-70.925 8.807
-70.727 8.876
-70.515 9.014
> ND-SA
-69.297 10.121
-69.140 10.196
-68.976 10.299
-68.670 10.455
-68.507 10.502
-68.350 10.535
> ND-SA
-68.131 10.511
-67.961 10.500
> CA-SA
-67.961 10.500
-67.499 10.592
-66.869 10.667
-66.437 10.662
-65.964 10.653
-65.526 10.615
-65.121 10.600
> CA-SA
-64.997 10.539
-64.508 10.474
-64.210 10.519
-63.878 10.532
