> EU-AF
-5.808 34.019
-5.397 33.985
-5.072 34.078
-4.706 34.068
-4.056 34.199
-3.782 35.014
-3.749 35.596
-3.296 35.858
-2.893 36.018
-2.573 36.105
-1.992 35.898
-1.516 35.771
-0.748 35.776
0.003 35.904
0.667 36.072
1.245 36.282
1.970 36.503
2.380 36.594
3.454 36.851
4.297 36.970
5.142 37.082
> EU-AF
8.265 37.467
8.627 37.790
8.942 38.212
9.264 38.341
9.700 38.470
10.089 38.572
10.373 38.685
> EU-AF
14.514 38.765
15.175 38.292
15.499 38.401
15.639 38.299
> AR-EU
57.832 24.443
57.345 24.788
57.121 25.552
57.057 26.049
> AR-EU
56.992 26.545
56.875 27.301
56.423 27.368
55.662 26.947
54.728 26.668
53.860 26.717
53.241 27.121
52.504 27.561
51.912 27.957
51.283 28.487
50.998 29.072
> AR-EU
51.057 29.578
50.453 30.103
49.974 30.453
49.492 30.802
49.265 31.212
49.036 31.621
48.489 32.237
48.170 32.308
47.770 32.311
47.411 32.448
46.608 32.887
45.918 33.390
45.505 33.893
45.000 34.591
> TI-AU
121.783 -11.412
122.627 -11.188
123.217 -10.995
123.960 -10.708
124.734 -10.390
> AU-PA
170.995 -42.932
171.277 -42.743
> KE-AU
175.537 -40.598
175.324 -40.791
175.012 -40.979
174.632 -41.157
174.763 -41.566
174.945 -41.757
175.503 -42.059
> WL-MO
138.972 -1.607
139.205 -2.093
139.439 -2.578
139.809 -3.178
140.070 -3.645
140.328 -4.045
140.566 -4.586
140.798 -5.110
> WL-AU
140.798 -5.110
140.847 -5.145
141.483 -5.727
142.231 -5.986
142.956 -6.295
143.569 -6.558
144.136 -6.813
144.740 -7.023
145.249 -7.374
145.666 -7.661
> WL-AU
146.918 -8.410
146.954 -8.598
> CA-NA
-69.978 19.802
-70.627 20.002
> EU-IN
65.028 24.382
65.492 24.620
65.958 24.856
66.530 25.179
67.104 25.499
> EU-IN
67.301 29.795
67.849 30.073
68.311 29.878
68.679 29.209
69.086 29.096
69.881 29.262
> EU-IN
69.942 31.913
70.439 32.431
70.942 32.947
71.392 33.477
71.847 34.005
72.459 34.682
73.030 34.176
73.593 33.667
74.314 33.159
75.089 32.881
75.675 32.189
> EU-IN
75.722 31.633
76.521 31.154
77.007 30.738
77.641 30.558
78.076 30.226
78.422 29.887
78.912 29.678
79.197 29.393
79.790 29.143
80.227 29.093
80.547 28.975
81.043 28.790
81.361 28.413
82.200 28.167
82.935 27.882
83.667 27.593
84.159 27.452
84.649 27.309
85.622 27.170
86.252 27.095
86.481 26.737
86.820 26.668
87.219 27.022
87.745 26.909
88.320 26.885
89.282 27.027
89.772 26.847
90.329 26.937
91.258 27.007
91.781 27.033
92.305 27.056
93.233 27.117
93.570 27.110
94.189 27.501
94.829 27.918
95.466 28.183
96.234 28.135
96.792 28.110
97.348 28.083
> NA-PA
-145.756 59.273
-144.977 59.576
-144.316 59.918
-143.332 60.206
-142.405 60.465
-141.598 60.401
-141.074 60.310
-140.128 60.381
-139.396 60.090
-138.860 59.762
-138.353 59.336
-137.819 58.925
-137.107 58.438
> NA-PA
-132.714 53.127
-132.169 52.697
-131.592 52.259
> NA-PA
-131.177 51.886
-130.850 51.612
-124.416 40.311
> NA-PA
-119.329 34.981
-118.912 34.837
-118.400 34.658
-118.072 34.564
-117.746 34.441
-117.507 34.350
-117.159 34.181
-116.660 34.042
> OK-PS
138.674 35.034
139.234 35.014
> OK-PS
139.429 34.860
139.923 34.713
> TO-NI
-175.210 -19.704
-175.979 -19.386
> SC-SL
-55.067 -60.763
-54.309 -60.978
-54.301 -61.510
> AS-EU
20.282 38.115
20.300 37.804
> AR-AF
36.413 36.023
36.431 35.752
36.396 35.285
36.325 34.482
36.024 34.096
35.726 33.710
35.648 33.232
35.571 32.755
> AR-AF
35.470 32.004
35.309 31.383
> AT-AR
36.790 37.398
37.083 37.512
37.682 37.834
38.042 37.994
38.365 38.121
38.856 38.314
39.402 38.497
> AT-AR
40.163 38.768
40.624 38.857
> EU-AR
41.026 38.849
41.236 38.616
41.839 38.355
42.289 38.213
42.797 37.991
43.176 37.685
43.647 37.407
44.020 37.098
> OK-NA
153.946 61.721
152.596 62.353
> OK-AM
142.409 54.035
142.849 53.384
142.784 53.042
142.692 52.542
142.541 51.700
142.398 50.857
142.521 50.318
142.641 49.778
142.761 49.241
142.878 48.704
142.023 48.051
141.178 47.392
140.553 46.956
139.938 46.516
139.370 46.224
139.158 45.947
139.038 45.412
138.850 44.811
138.577 44.295
> OK-AM
137.774 38.982
137.848 38.485
137.889 37.856
137.902 37.184
137.854 36.600
137.894 36.311
138.121 36.027
138.259 35.734
138.421 35.360
138.674 35.034
> AM-EU
112.287 40.645
112.911 41.024
113.542 41.399
> AM-EU
117.638 39.843
118.245 40.054
118.856 40.261
119.846 40.654
120.848 41.039
121.313 41.329
121.782 41.617
122.255 41.903
122.732 42.188
> EU-SU
96.480 14.400
97.390 14.419
98.300 14.434
99.210 14.446
> EU-SU
102.615 17.633
103.180 17.660
103.746 17.685
104.312 17.708
104.878 17.730
105.817 17.750
106.756 17.766
107.695 17.777
108.634 17.784
109.573 17.785
110.512 17.783
> YA-SU
115.494 19.687
116.319 19.815
117.145 19.940
> YA-SU
118.484 22.107
118.958 22.003
> YA-SU
119.618 22.269
120.036 21.951
120.452 21.632
> BU-EU
96.480 14.400
96.454 14.909
96.406 15.135
> IN-EU
96.470 16.644
96.466 17.435
96.421 17.982
96.341 18.705
96.225 19.412
96.016 20.040
95.943 20.900
95.918 21.681
> IN-EU
97.471 27.702
97.348 28.083
> EU-YA
115.746 34.213
116.521 33.593
117.284 32.968
117.719 32.572
118.150 32.175
118.577 31.776
119.001 31.376
> AP-SA
-63.545 -21.368
-63.360 -20.759
-63.176 -20.150
-63.286 -19.511
-63.396 -18.872
-63.617 -18.375
-63.836 -17.878
-63.856 -17.464
-64.585 -17.402
-65.419 -17.110
-65.795 -16.729
-66.171 -16.348
-66.696 -15.714
-67.218 -15.078
-67.423 -14.527
-68.008 -14.028
-68.590 -13.527
-69.046 -13.395
-69.501 -13.261
-70.125 -13.035
-70.747 -12.807
-71.392 -12.578
-72.036 -12.348
> PS-YA
121.335 24.963
120.981 24.654
120.546 23.979
120.360 23.198
120.394 22.581
120.425 22.043
120.452 21.632
> SU-BH
127.446 2.319
128.081 2.290
> BS-SU
119.565 -3.966
119.953 -4.303
> BS-SU
120.341 -4.640
120.516 -5.276
120.620 -6.122
> BH-BS
127.666 -1.758
128.383 -2.286
> BH-BS
132.717 -4.440
133.311 -4.626
> BS-TI
123.383 -7.784
124.235 -7.784
> BS-TI
129.236 -6.334
129.839 -6.526
130.443 -6.717
> BS-TI
131.010 -6.680
131.577 -6.642
132.133 -6.662
132.689 -6.681
> YA-ON
129.055 29.355
128.646 29.893
> YA-ON
129.032 30.585
128.819 31.024
> CL-NB
142.626 -1.916
142.922 -1.454
> NB-SB
143.743 -3.460
144.368 -3.531
> NB-SB
146.415 -3.438
146.836 -3.755
> NB-SB
147.816 -2.813
147.983 -2.922
148.123 -3.026
> NB-MN
150.560 -3.051
150.616 -3.047
150.615 -3.085
150.634 -3.163
150.683 -3.235
150.732 -3.295
> NB-MN
150.824 -3.348
150.879 -3.331
150.931 -3.372
150.982 -3.419
> SB-WL
145.505 -5.762
146.007 -6.112
146.497 -6.513
146.956 -6.718
147.476 -7.103
> NH-PA
168.159 -13.515
167.157 -13.649
166.154 -13.779
> FT-PA
-177.746 -14.646
-178.240 -14.317
-178.733 -13.986
> SC-SA
-34.591 -55.729
-36.108 -55.642
> SC-SA
-37.810 -55.086
-38.715 -54.853
> SO-AF
31.207 -21.928
30.729 -22.071
30.250 -22.212
29.770 -22.352
29.289 -22.491
> SO-AF
27.905 -26.177
27.253 -26.474
26.596 -26.768
> PM-CA
-76.765 9.065
-76.924 9.376
> PM-CA
-81.654 9.444
-82.080 9.440
-82.313 9.509
-82.525 9.599
-82.802 9.770
-83.021 9.873
-83.209 10.053
-83.465 10.209
-83.782 10.321
-84.073 10.448
-84.424 10.537
-84.746 10.593
-85.124 10.653
-85.435 10.627
-85.716 10.567
-85.969 10.489
-86.248 10.388
-86.648 10.235
> NZ-PM
-80.539 7.335
-80.687 7.415
> PM-ND
-77.707 7.829
-77.534 8.012
> PM-ND
-77.149 8.190
-76.906 8.443
-76.684 8.731
> ND-SA
-79.497 -2.472
-79.225 -2.279
-78.929 -1.994
-78.667 -1.421
-78.437 -0.748
-78.193 -0.234
-78.006 0.148
-77.707 0.586
-77.332 0.899
> ND-SA
-76.574 1.276
-76.254 1.506
> ND-SA
-75.989 1.618
-75.774 1.932
-75.433 2.281
-75.210 2.498
-74.875 2.791
-74.589 3.022
-74.345 3.294
> ND-SA
-74.101 3.420
-73.926 3.560
-73.815 3.819
-73.780 3.979
-73.592 4.168
> ND-SA
-73.130 4.413
-72.920 4.741
-72.773 4.936
-72.633 5.118
> ND-SA
-72.353 5.264
-72.199 5.537
-72.149 5.788
-72.079 6.046
-71.924 6.262
-71.903 6.465
-71.889 6.681
-72.050 7.030
-72.071 7.198
-72.064 7.323
-72.359 7.568
-72.437 7.700
> ND-SA
-72.091 7.903
-71.915 8.105
-71.795 8.195
-71.696 8.342
> ND-SA
-71.208 8.571
-71.081 8.661
-70.925 8.807
> ND-SA
-70.515 9.014
-70.358 9.139
-70.081 9.388
-69.875 9.582
-69.696 9.797
-69.511 9.976
-69.297 10.121
